jails:
  jail1:
    world: 8004a412-8e0c-4ee2-b761-faff454e92aa
    world-name: spawn
    x: -6.069788518823819
    y: 176.0
    z: -19.321787998909997
    yaw: -91.62222290039062
    pitch: -19.296310424804688
  jail2:
    world: 8004a412-8e0c-4ee2-b761-faff454e92aa
    world-name: spawn
    x: -11.685784212121524
    y: 176.0
    z: -18.30000001192093
    yaw: -115.38812255859375
    pitch: 27.876789093017578
