spawns:
  default:
    world: 8004a412-8e0c-4ee2-b761-faff454e92aa
    world-name: spawn
    x: -19.5
    y: 178.0
    z: -7.5
    yaw: 92.96310424804688
    pitch: 3.0165014266967773
