world: 33a34951-efe1-4473-ab9e-cae292dfe960
world-name: world
x: -1344.6455122720172
y: 207.0
z: 4380.451440197145
yaw: 140.6619415283203
pitch: -9.687688827514648
name: Axe
lastowner: b4aacc51-f366-3410-b8a6-bc6975a1df4a
