world: 33a34951-efe1-4473-ab9e-cae292dfe960
world-name: world
x: -1540.4324086323245
y: 166.0
z: 3748.1261663226896
yaw: 3.61016845703125
pitch: -13.772011756896973
name: BowPvP
lastowner: b4aacc51-f366-3410-b8a6-bc6975a1df4a
