world: 33a34951-efe1-4473-ab9e-cae292dfe960
world-name: world
x: -1565.384437953171
y: 264.0
z: 2858.0298969861365
yaw: 164.60952758789062
pitch: 29.49147605895996
name: cacrystal
lastowner: b4aacc51-f366-3410-b8a6-bc6975a1df4a
