world: 33a34951-efe1-4473-ab9e-cae292dfe960
world-name: world
x: 2293.2950872391734
y: 244.0
z: 3296.192220171127
yaw: -46.9896240234375
pitch: -4.049989700317383
name: CaNetherite
lastowner: b4aacc51-f366-3410-b8a6-bc6975a1df4a
