world: 33a34951-efe1-4473-ab9e-cae292dfe960
world-name: world
x: -811.6975003405826
y: 253.0
z: 3277.6691124597446
yaw: -1.052978515625
pitch: -0.3088681101799011
name: cartpvp
lastowner: b4aacc51-f366-3410-b8a6-bc6975a1df4a
