world: 33a34951-efe1-4473-ab9e-cae292dfe960
world-name: world
x: 3023.3686953838064
y: 172.0
z: 5289.624807274303
yaw: 1.466400146484375
pitch: -4.616379737854004E-5
name: CaSmp
lastowner: b4aacc51-f366-3410-b8a6-bc6975a1df4a
