world: 33a34951-efe1-4473-ab9e-cae292dfe960
world-name: world
x: 1437.124981885469
y: 205.0
z: 3905.371646259972
yaw: -97.68950653076172
pitch: -14.400028228759766
name: CaTank
lastowner: b4aacc51-f366-3410-b8a6-bc6975a1df4a
