world: 33a34951-efe1-4473-ab9e-cae292dfe960
world-name: world
x: -514.0592309401827
y: 236.0
z: 1607.2782819402264
yaw: -92.60153198242188
pitch: 41.29063034057617
name: CrystalFlat
lastowner: b4aacc51-f366-3410-b8a6-bc6975a1df4a
