world: 33a34951-efe1-4473-ab9e-cae292dfe960
world-name: world
x: -1568.9744887841357
y: 269.0
z: 1637.3760212317736
yaw: -90.4332275390625
pitch: 52.497406005859375
name: CrystalTerrain
lastowner: b4aacc51-f366-3410-b8a6-bc6975a1df4a
