world: 33a34951-efe1-4473-ab9e-cae292dfe960
world-name: world
x: -809.4833858154896
y: 164.0
z: 20.654325486192096
yaw: 91.24213409423828
pitch: 14.969389915466309
name: DiaPot
lastowner: b4aacc51-f366-3410-b8a6-bc6975a1df4a
