world: 33a34951-efe1-4473-ab9e-cae292dfe960
world-name: world
x: 84.05601064507526
y: 95.0
z: 4055.907421555726
yaw: -140.17141723632812
pitch: 4.380507946014404
name: elytrapvp
lastowner: b4aacc51-f366-3410-b8a6-bc6975a1df4a
