world: 8004a412-8e0c-4ee2-b761-faff454e92aa
world-name: spawn
x: -19.5
y: 178.0
z: -7.5
yaw: 92.96310424804688
pitch: 3.0165014266967773
name: eventnethpot
lastowner: b4aacc51-f366-3410-b8a6-bc6975a1df4a
