world: 33a34951-efe1-4473-ab9e-cae292dfe960
world-name: world
x: -1191.466777588586
y: 170.0
z: 1271.9326270121321
yaw: -144.3358154296875
pitch: 1.203687071800232
name: IronPot
lastowner: b4aacc51-f366-3410-b8a6-bc6975a1df4a
