world: 33a34951-efe1-4473-ab9e-cae292dfe960
world-name: world
x: 995.4577115621464
y: 157.0
z: 3525.4283379626518
yaw: -2.138946533203125
pitch: 1.1235707998275757
name: KitPvP
lastowner: cb26d1d7-9d89-3856-96a7-da43468796c3
