world: 33a34951-efe1-4473-ab9e-cae292dfe960
world-name: world
x: 1557.345426389345
y: 178.0
z: 2660.665366446908
yaw: 2.511221408843994
pitch: 3.673534870147705
name: Lifesteal
lastowner: cb26d1d7-9d89-3856-96a7-da43468796c3
