world: 33a34951-efe1-4473-ab9e-cae292dfe960
world-name: world
x: 654.6428023474873
y: 243.0
z: 1809.4203714285206
yaw: -91.08866882324219
pitch: 9.523703575134277
name: Manhunt
lastowner: b4aacc51-f366-3410-b8a6-bc6975a1df4a
