world: 10bd53c9-feb6-4834-9086-a7577281bfcd
world-name: world
x: -133.49956568791907
y: 52.0
z: 147.91418231487285
yaw: -0.756322979927063
pitch: 6.347031593322754
name: Nethpot
lastowner: b4aacc51-f366-3410-b8a6-bc6975a1df4a
