world: 33a34951-efe1-4473-ab9e-cae292dfe960
world-name: world
x: -1907.6033438012246
y: 246.0
z: 3861.487158379237
yaw: -175.44349670410156
pitch: -3.031749963760376
name: OpDuels
lastowner: b4aacc51-f366-3410-b8a6-bc6975a1df4a
