world: 33a34951-efe1-4473-ab9e-cae292dfe960
world-name: world
x: 1695.3044271854906
y: 32.0
z: 4032.5566414211453
yaw: -179.73907470703125
pitch: -1.7265281677246094
name: PumpkinPvP
lastowner: cb26d1d7-9d89-3856-96a7-da43468796c3
