world: 33a34951-efe1-4473-ab9e-cae292dfe960
world-name: world
x: -2259.4525314092302
y: 210.0
z: 2347.7308613863975
yaw: -11.871826171875
pitch: 12.700446128845215
name: smpkit
lastowner: b4aacc51-f366-3410-b8a6-bc6975a1df4a
