world: 33a34951-efe1-4473-ab9e-cae292dfe960
world-name: world
x: 2160.54379327036
y: 189.0
z: 3497.22882063536
yaw: -178.98919677734375
pitch: 8.023453712463379
name: Sumo
lastowner: cb26d1d7-9d89-3856-96a7-da43468796c3
