world: 33a34951-efe1-4473-ab9e-cae292dfe960
world-name: world
x: -2970.5855906649604
y: 187.0
z: 937.8061170637491
yaw: -3.989466905593872
pitch: -0.30879029631614685
name: sword
lastowner: b4aacc51-f366-3410-b8a6-bc6975a1df4a
