world: 33a34951-efe1-4473-ab9e-cae292dfe960
world-name: world
x: -181.006874456762
y: 241.0
z: 496.50807878666495
yaw: 84.78753662109375
pitch: 20.415203094482422
name: UHC
lastowner: b4aacc51-f366-3410-b8a6-bc6975a1df4a
