world: 33a34951-efe1-4473-ab9e-cae292dfe960
world-name: world
x: 1042.0810427921099
y: 170.0
z: 2063.6451180447452
yaw: 88.70162963867188
pitch: -11.263191223144531
name: WoodPvP
lastowner: cb26d1d7-9d89-3856-96a7-da43468796c3
